YYYY MM q1q2q3q4q5 q6q7q8q9q0 d1d2d3d4d5
2010 01 17 7 9 2 8 27 61619 1 2013112130
2010 02 202127 528  9261023 7 15 2 316 1
2010 03 222321 9 8 1315 51916 111210 317
2010 04 2610182530 1628131720  5 612 7 2
2010 05 232427 913 15 1142216  229 33031
2010 06 1220 819 9 23141122 7 1630 42627
2010 07 101718 713  619 8 516 2728 11415
2010 08 3022212914 20311319 7  4 3242527
2010 09 111230 422 10 3131920 2428 8 714
2010 10  214 1 3 4 3021 72810 2311241712
2010 11  62619 2 7  520 930 1 1112232815
2010 12 102211 323  9 4 521 1 1420281513
